500 1009 
136 135 
319 318 
379 378 
164 162 
300 297 
293 292 
114 113 
250 248 
6 5 
429 427 
240 238 
92 91 
331 330 
407 405 
435 433 
445 443 
66 65 
202 200 
51 48 
419 417 
152 151 
309 308 
44 43 
484 481 
359 357 
96 95 
22 21 
50 49 
3 0 
104 103 
287 286 
299 298 
132 130 
457 455 
82 81 
218 216 
261 260 
110 108 
327 325 
60 59 
413 411 
239 238 
494 493 
321 320 
385 383 
34 33 
170 168 
305 304 
94 92 
120 119 
430 429 
12 11 
148 146 
284 281 
337 336 
462 461 
64 63 
277 276 
126 124 
365 363 
387 385 
288 285 
72 71 
255 254 
315 314 
100 98 
236 233 
229 228 
289 288 
186 184 
296 293 
78 76 
427 424 
28 27 
207 206 
343 341 
409 407 
478 475 
2 1 
425 423 
274 271 
355 353 
88 87 
176 174 
267 266 
116 114 
252 249 
32 31 
245 244 
333 331 
468 467 
40 39 
223 222 
68 66 
490 489 
393 391 
18 17 
154 152 
197 196 
46 44 
469 466 
263 261 
283 282 
478 477 
175 174 
311 309 
432 431 
353 351 
497 494 
257 256 
106 104 
30 28 
56 55 
460 458 
235 234 
371 369 
144 142 
398 397 
361 359 
213 212 
349 347 
8 7 
323 321 
459 456 
102 99 
191 190 
389 386 
36 34 
172 169 
165 164 
273 272 
122 120 
232 229 
14 12 
437 434 
446 445 
251 250 
143 142 
279 277 
307 305 
317 315 
225 224 
74 72 
420 419 
24 23 
377 375 
203 202 
52 50 
496 495 
111 110 
181 180 
200 197 
454 452 
159 158 
248 245 
4 2 
426 425 
241 240 
90 88 
133 132 
269 267 
405 402 
436 435 
219 218 
321 319 
247 245 
404 403 
329 327 
458 457 
193 192 
42 40 
108 105 
414 413 
70 67 
171 170 
20 18 
199 197 
366 365 
149 148 
285 283 
388 387 
80 78 
474 473 
345 343 
127 126 
362 361 
289 287 
160 157 
209 208 
297 295 
101 100 
237 235 
373 370 
382 381 
187 186 
470 468 
79 78 
215 213 
411 408 
379 376 
161 160 
10 8 
356 355 
482 480 
117 116 
139 138 
275 273 
124 121 
167 165 
334 333 
464 463 
442 441 
401 398 
95 94 
227 225 
76 73 
319 316 
177 176 
313 311 
69 68 
205 203 
341 338 
394 393 
155 154 
422 420 
47 46 
136 133 
340 339 
369 366 
129 128 
63 62 
114 111 
410 409 
293 290 
498 496 
107 106 
372 371 
92 89 
135 133 
271 268 
438 436 
85 84 
221 219 
324 323 
350 349 
331 328 
302 301 
16 14 
152 149 
195 193 
44 41 
37 36 
145 144 
281 279 
104 101 
173 171 
368 367 
123 122 
15 14 
151 149 
287 284 
400 399 
97 96 
233 231 
292 291 
31 30 
75 74 
211 209 
193 191 
390 388 
21 20 
53 52 
189 187 
489 488 
450 448 
318 317 
416 414 
163 161 
12 9 
466 464 
113 112 
249 247 
5 4 
378 377 
439 438 
91 90 
418 416 
270 269 
255 252 
412 410 
330 329 
65 64 
488 486 
298 297 
434 432 
43 42 
308 307 
444 442 
358 356 
77 75 
374 372 
305 302 
157 155 
487 486 
396 394 
346 345 
109 107 
286 285 
161 159 
81 80 
217 215 
260 259 
32 29 
453 451 
59 58 
238 237 
87 85 
477 476 
33 32 
169 167 
18 15 
364 362 
483 482 
254 253 
11 10 
147 145 
129 127 
472 470 
384 382 
276 275 
125 123 
455 454 
423 422 
493 492 
386 384 
336 335 
380 378 
99 97 
55 53 
402 400 
49 48 
185 183 
228 227 
314 313 
213 210 
27 26 
354 352 
206 205 
342 340 
461 460 
348 346 
266 265 
1 0 
471 470 
485 483 
294 292 
304 303 
115 113 
251 248 
7 5 
418 415 
310 308 
244 243 
93 91 
392 390 
67 65 
468 465 
222 221 
97 95 
65 63 
17 16 
153 151 
196 195 
332 330 
356 353 
376 374 
282 281 
174 173 
23 21 
451 450 
105 103 
495 493 
499 498 
419 418 
234 233 
370 368 
219 216 
262 260 
429 428 
212 211 
61 59 
391 390 
450 447 
397 396 
322 320 
190 189 
35 33 
413 412 
441 440 
272 271 
164 163 
300 298 
464 461 
250 249 
463 461 
142 141 
445 444 
127 124 
467 466 
359 358 
407 406 
316 314 
388 385 
202 201 
51 49 
187 184 
230 228 
79 76 
375 374 
180 179 
29 27 
328 326 
362 359 
409 408 
89 87 
158 157 
382 379 
3 1 
473 472 
457 456 
240 239 
306 304 
132 131 
268 266 
404 401 
312 310 
218 217 
435 434 
110 109 
246 244 
95 92 
349 348 
394 391 
41 39 
177 174 
236 234 
355 354 
57 55 
170 169 
19 17 
425 424 
198 196 
387 386 
148 147 
284 282 
327 326 
386 383 
365 364 
469 467 
126 125 
344 342 
258 256 
107 104 
208 207 
288 286 
100 99 
296 294 
186 185 
399 397 
78 77 
381 380 
9 7 
403 402 
343 342 
479 477 
302 299 
483 480 
138 137 
274 272 
123 120 
166 164 
15 12 
116 115 
252 250 
295 294 
354 351 
46 45 
94 93 
226 224 
75 72 
421 419 
176 175 
25 23 
68 67 
389 387 
497 495 
154 153 
333 332 
393 392 
311 310 
400 397 
371 370 
291 290 
459 457 
106 105 
242 240 
361 360 
134 132 
323 322 
84 83 
220 218 
263 262 
322 319 
269 268 
62 61 
377 376 
301 300 
383 381 
144 143 
280 278 
36 35 
172 170 
437 435 
122 121 
14 13 
317 316 
286 283 
279 278 
339 338 
232 230 
368 365 
429 426 
74 73 
210 208 
102 100 
407 404 
247 246 
52 51 
188 186 
231 230 
405 403 
30 29 
162 160 
357 355 
112 111 
248 246 
4 3 
427 425 
90 89 
192 190 
329 328 
465 463 
486 485 
200 198 
49 46 
307 306 
228 225 
42 41 
345 344 
27 24 
70 68 
206 203 
259 258 
20 19 
156 154 
199 198 
454 453 
285 284 
313 312 
423 420 
237 236 
80 79 
216 214 
297 296 
108 106 
470 469 
498 497 
58 57 
160 158 
373 371 
205 204 
215 214 
411 409 
168 166 
304 301 
435 432 
10 9 
438 437 
401 399 
249 248 
461 458 
275 274 
124 122 
167 166 
341 339 
439 436 
406 405 
253 252 
98 96 
478 476 
492 491 
48 47 
183 182 
227 226 
76 74 
482 481 
369 367 
26 25 
422 421 
128 126 
54 52 
190 187 
379 377 
374 373 
136 134 
319 317 
445 442 
164 161 
460 459 
265 264 
114 112 
250 247 
293 291 
64 62 
457 454 
243 242 
92 90 
135 134 
271 269 
173 172 
359 356 
221 220 
331 329 
66 64 
202 199 
16 15 
152 150 
195 194 
44 42 
240 237 
434 433 
281 280 
239 237 
96 94 
22 20 
390 389 
151 150 
476 475 
347 345 
104 102 
287 285 
488 487 
466 465 
450 449 
233 232 
82 80 
218 215 
110 107 
211 210 
60 58 
103 102 
162 159 
413 410 
8 6 
189 188 
34 32 
170 167 
440 439 
50 48 
163 162 
12 10 
418 417 
428 427 
327 324 
141 140 
126 123 
387 384 
358 357 
480 479 
119 118 
255 253 
342 341 
396 395 
201 200 
337 335 
186 183 
305 303 
441 438 
444 443 
179 178 
448 447 
71 70 
40 38 
343 340 
157 156 
2 0 
425 422 
472 471 
32 30 
131 130 
267 265 
176 173 
370 369 
217 216 
175 173 
109 108 
94 91 
462 460 
412 411 
18 16 
87 86 
223 221 
456 455 
355 352 
169 168 
39 38 
154 151 
484 482 
333 330 
430 428 
147 146 
143 141 
326 325 
98 95 
424 423 
125 124 
386 385 
393 390 
165 163 
376 375 
56 54 
99 98 
402 401 
371 368 
364 363 
185 184 
77 76 
213 211 
349 346 
416 415 
55 54 
144 141 
36 33 
332 331 
137 136 
420 418 
354 353 
294 293 
377 374 
380 379 
115 114 
251 249 
7 6 
66 63 
13 12 
93 92 
468 466 
74 71 
67 66 
310 309 
278 277 
317 314 
153 152 
392 391 
45 44 
181 179 
30 27 
398 396 
348 347 
384 383 
23 22 
159 157 
360 359 
105 104 
111 109 
133 131 
269 266 
83 82 
219 217 
262 261 
321 318 
247 244 
496 494 
61 60 
322 321 
408 407 
35 34 
171 169 
20 17 
300 299 
121 120 
382 380 
29 28 
436 434 
498 495 
352 351 
338 337 
127 125 
345 342 
366 364 
73 72 
356 354 
290 289 
388 386 
237 234 
3 2 
51 50 
187 185 
230 229 
79 77 
215 212 
316 315 
422 419 
495 494 
10 7 
306 305 
296 295 
275 272 
89 88 
268 267 
404 402 
453 452 
320 319 
246 245 
95 93 
328 327 
464 462 
41 40 
177 175 
485 484 
69 67 
447 446 
19 18 
198 197 
47 45 
135 132 
284 283 
463 462 
394 392 
344 343 
479 478 
324 322 
258 257 
107 105 
362 360 
57 56 
236 235 
434 431 
469 468 
288 287 
214 213 
16 13 
484 483 
195 192 
302 300 
9 8 
145 143 
491 490 
37 35 
312 311 
274 273 
123 121 
166 165 
15 13 
252 251 
340 338 
431 430 
233 230 
226 225 
75 73 
211 208 
25 24 
204 203 
53 51 
189 186 
481 480 
256 255 
182 181 
31 29 
475 474 
400 398 
264 263 
113 111 
459 458 
497 496 
421 420 
242 241 
378 376 
134 133 
193 190 
452 451 
412 409 
220 219 
399 398 
437 436 
389 388 
194 193 
330 328 
444 441 
415 414 
280 279 
368 366 
172 171 
374 371 
157 154 
487 485 
405 404 
224 223 
150 149 
286 284 
396 393 
232 231 
81 79 
427 426 
383 382 
109 106 
363 362 
210 209 
449 448 
102 101 
87 84 
188 187 
443 442 
367 366 
411 410 
395 394 
373 372 
162 161 
11 9 
433 432 
248 247 
140 139 
472 469 
200 199 
336 334 
417 416 
192 191 
118 117 
254 252 
7 4 
99 96 
465 464 
294 291 
49 47 
185 182 
228 226 
416 413 
357 356 
178 177 
27 25 
70 69 
206 204 
55 52 
348 345 
156 155 
397 395 
335 334 
262 259 
499 497 
271 270 
325 324 
130 129 
266 264 
483 481 
216 215 
304 302 
108 107 
244 242 
93 90 
423 421 
439 437 
160 159 
86 85 
351 350 
124 123 
463 460 
168 167 
17 15 
153 150 
196 194 
332 329 
310 307 
146 145 
401 400 
38 37 
461 459 
23 20 
341 340 
303 302 
105 102 
385 384 
481 479 
441 439 
98 97 
234 232 
369 368 
184 183 
451 449 
76 75 
212 210 
61 58 
391 389 
353 352 
128 127 
54 53 
190 188 
347 346 
272 270 
376 373 